Pixel 2,Pixel 3,Pixel 4,Pixel 5,Pixel 6,Pixel 7,Pixel 8,Pixel 9,Pixel 10,Pixel 11,Pixel 12,Pixel 13,Pixel 14,Pixel 15,Pixel 16,Pixel 17,Pixel 18,Pixel 19,Pixel 20,Pixel 21,Pixel 22,Pixel 23,Pixel 24,Pixel 25,Pixel 26,Pixel 27,Pixel 28,Pixel 29,Pixel 30,Pixel 31,Pixel 32,Pixel 33,Pixel 34,Pixel 35,Pixel 36,Pixel 37,Pixel 38,Pixel 39,Pixel 40,Pixel 41,Pixel 42,Pixel 43,Pixel 44,Pixel 45,Pixel 46,Pixel 47,Pixel 48,Pixel 49,Pixel 50,Pixel 51,Pixel 52,Pixel 53,Pixel 54,Pixel 55,Pixel 56,Pixel 57,Pixel 58,Pixel 59,Pixel 60,Pixel 61,Pixel 62,Pixel 63,Pixel 64,Pixel 65,Pixel 66,Pixel 67,Pixel 68,Pixel 69,Pixel 70,Pixel 71,Pixel 72,Pixel 73,Pixel 74,Pixel 75,Pixel 76,Pixel 77,Pixel 78,Pixel 79,Pixel 80,Pixel 81,Pixel 82,Pixel 83,Pixel 84,Pixel 85,Pixel 86,Pixel 87,Pixel 88,Pixel 89,Pixel 90,Pixel 91,Pixel 92,Pixel 93,Pixel 94,Pixel 95,Pixel 96,Pixel 97,Pixel 98,Pixel 99,Pixel 100,Pixel 101,Pixel 102,Pixel 103,Pixel 104,Pixel 105,Pixel 106,Pixel 107,Pixel 108,Pixel 109,Pixel 110,Pixel 111,Pixel 112,Pixel 113,Pixel 114,Pixel 115,Pixel 116,Pixel 117,Pixel 118,Pixel 119,Pixel 120,Pixel 121,Pixel 122,Pixel 123,Pixel 124,Pixel 125,Pixel 126,Pixel 127,Pixel 128,Pixel 129,Pixel 130,Pixel 131,Pixel 132,Pixel 133,Pixel 134,Pixel 135,Pixel 136,Pixel 137,Pixel 138,Pixel 139,Pixel 140,Pixel 141,Pixel 142,Pixel 143,Pixel 144,Pixel 145,Pixel 146,Pixel 147,Pixel 148,Pixel 149,Pixel 150,Pixel 151,Pixel 152,Pixel 153,Pixel 154,Pixel 155,Pixel 156,Pixel 157,Pixel 158,Pixel 159,Pixel 160,Pixel 161,Pixel 162,Pixel 163,Pixel 164,Pixel 165,Pixel 166,Pixel 167,Pixel 168,Pixel 169,Pixel 170,Pixel 171,Pixel 172,Pixel 173,Pixel 174,Pixel 175,Pixel 176,Pixel 177,Pixel 178,Pixel 179,Pixel 180,Pixel 181,Pixel 182,Pixel 183,Pixel 184,Pixel 185,Pixel 186,Pixel 187,Pixel 188,Pixel 189,Pixel 190,Pixel 191,Pixel 192,Pixel 193,Pixel 194,Pixel 195,Pixel 196,Pixel 197,Pixel 198,Pixel 199,Pixel 200,Pixel 201,Pixel 202,Pixel 203,Pixel 204,Pixel 205,Pixel 206,Pixel 207,Pixel 208,Pixel 209,Pixel 210,Pixel 211,Pixel 212,Pixel 213,Pixel 214,Pixel 215,Pixel 216,Pixel 217,Pixel 218,Pixel 219,Pixel 220,Pixel 221,Pixel 222,Pixel 223,Pixel 224,Pixel 225,Pixel 226,Pixel 227,Pixel 228,Pixel 229,Pixel 230,Pixel 231,Pixel 232,Pixel 233,Pixel 234,Pixel 235,Pixel 236,Pixel 237,Pixel 238,Pixel 239,Pixel 240,Pixel 241,Pixel 242,Pixel 243,Pixel 244,Pixel 245,Pixel 246,Pixel 247,Pixel 248,Pixel 249,Pixel 250,Pixel 251,Pixel 252,Pixel 253,Pixel 254,Pixel 255,Pixel 256,Pixel 257,Pixel 258,Pixel 259,Pixel 260,Pixel 261,Pixel 262,Pixel 263,Pixel 264,Pixel 265,Pixel 266,Pixel 267,Pixel 268,Pixel 269,Pixel 270,Pixel 271,Pixel 272,Pixel 273,Pixel 274,Pixel 275,Pixel 276,Pixel 277,Pixel 278,Pixel 279,Pixel 280,Pixel 281,Pixel 282,Pixel 283,Pixel 284,Pixel 285,Pixel 286,Pixel 287,Pixel 288,Channel_1,Channel_2,Channel_3,Channel_4,Channel_5,Channel_6,Channel_7,Channel_8,Channel_9,Channel_10,Channel_11,Channel_12,Channel_13,Channel_14,Channel_15,Channel_16,Integration_Time,Lamp_Power,Humidity,Temperature
144,149,147,150,146,147,148,146,147,145,143,145,141,142,143,139,140,140,140,141,137,139,138,137,140,138,136,137,137,137,136,136,138,137,136,138,136,138,136,137,137,136,135,139,136,136,138,138,139,140,139,140,138,138,137,138,139,136,138,138,136,138,139,138,139,138,138,140,139,140,140,138,138,138,137,140,137,138,139,137,139,140,137,140,140,139,139,138,141,139,142,144,144,143,142,141,144,144,142,146,146,148,149,150,155,160,162,172,177,187,196,207,222,229,241,259,269,285,298,311,333,359,370,385,379,373,372,366,373,374,386,387,392,396,400,401,407,412,417,420,422,432,431,429,438,440,441,448,446,446,447,445,453,462,462,478,479,484,493,497,498,499,499,502,503,513,517,517,525,530,533,540,538,539,530,528,528,530,522,530,528,532,533,531,535,536,531,534,530,528,526,520,520,518,528,526,524,523,526,533,534,529,526,525,518,517,516,520,516,512,508,515,512,514,512,514,509,513,502,504,500,502,501,490,491,487,481,486,479,483,475,472,477,470,469,466,457,458,450,447,446,438,431,430,424,417,408,409,409,399,394,397,394,387,388,388,385,384,379,376,372,375,369,363,363,361,354,356,350,348,339,337,341,332,335,334,331,330,325,323,324,320,314,320,313,307,304,-8002881,-8040614,-8023327,-7943098,-8016005,-7969349,-7999316,-7993130,-7970473,-7993769,-8004821,-8012304,-7952983,-8030895,-8023562,-8000200,15,0,35,30
144,149,148,151,147,149,147,146,147,146,141,145,141,144,143,140,141,139,139,142,137,139,139,137,138,137,136,137,137,138,136,136,138,136,135,137,136,139,136,136,136,136,137,139,137,137,139,137,141,139,138,138,139,138,137,136,140,137,138,139,136,139,138,139,139,138,138,140,140,140,140,138,139,138,137,139,137,138,140,137,139,141,136,142,138,138,139,138,141,140,141,144,143,142,143,142,145,144,144,145,147,148,151,152,156,160,162,173,176,187,197,207,222,230,242,261,269,283,298,308,334,357,371,381,376,374,366,363,370,374,382,383,389,395,398,398,407,410,412,422,422,428,426,427,441,440,442,447,443,448,448,448,448,455,461,471,480,481,487,492,501,497,496,504,503,507,510,513,520,530,532,536,536,532,532,527,529,526,521,527,527,533,527,529,535,531,530,529,529,531,518,517,520,520,521,521,523,529,525,530,526,527,525,521,514,521,510,514,519,511,511,511,511,509,512,509,509,506,500,504,499,505,495,488,489,485,480,485,479,479,477,469,471,470,467,464,461,456,451,443,443,439,428,429,422,419,408,408,405,401,395,394,391,393,387,384,387,382,378,373,370,371,367,365,361,356,355,352,346,347,342,334,342,334,330,334,328,331,324,320,324,319,313,317,309,308,301,-8018353,-8053255,-8037048,-7963441,-8030439,-7987579,-8015008,-8009833,-7989102,-8009952,-8021028,-8027815,-7974447,-8045185,-8037912,-8016243,15,0,35,30
144,149,147,149,146,149,147,145,147,145,143,145,140,143,143,140,142,140,138,142,137,140,139,137,139,137,137,138,137,138,138,136,137,137,135,138,135,138,136,137,136,137,138,139,136,137,138,139,140,139,138,139,137,139,137,137,139,138,139,139,136,139,138,139,140,139,137,140,140,140,140,138,139,138,137,141,137,139,141,138,139,139,135,141,139,137,140,139,141,140,141,145,143,143,141,141,146,145,143,145,147,147,150,152,156,159,163,173,176,186,199,208,220,230,243,259,269,283,296,310,331,358,368,382,377,374,367,367,369,376,381,383,390,396,396,398,405,412,412,420,424,427,428,425,435,443,445,446,444,444,444,446,452,455,463,473,481,487,490,494,500,501,498,501,503,507,513,513,521,526,531,536,531,536,526,526,524,527,521,525,524,526,532,527,533,529,532,532,526,530,519,517,519,520,518,524,526,522,525,527,531,529,519,525,514,515,513,514,513,509,511,512,506,511,509,510,511,509,504,508,495,497,493,486,489,485,480,485,481,479,476,473,472,464,465,465,455,457,450,444,446,437,430,428,422,418,408,412,407,400,397,393,391,390,386,383,384,382,376,376,372,374,368,364,364,355,352,351,346,344,344,335,339,332,332,330,331,326,327,324,324,321,316,315,311,305,304,-8040061,-8070696,-8056146,-7992333,-8050567,-8013033,-8037366,-8032944,-8014109,-8031974,-8042425,-8047990,-8001684,-8063612,-8056714,-8037979,15,0,35,30
144,148,147,149,146,147,146,145,146,145,141,144,141,143,143,138,141,139,139,140,137,139,139,136,138,137,137,139,137,138,137,136,137,136,136,138,135,138,136,137,135,135,136,140,137,138,138,137,141,139,138,139,138,138,136,136,139,138,137,138,137,139,138,139,139,139,139,140,139,139,139,138,138,138,137,141,137,138,140,137,139,139,136,140,139,137,140,137,140,139,141,144,142,143,143,141,146,144,144,146,147,147,150,151,157,159,162,173,177,185,199,208,221,230,242,259,268,285,295,306,330,356,366,378,374,369,365,364,366,373,380,383,387,391,396,398,407,410,414,419,419,425,425,426,436,437,439,443,442,445,445,442,447,455,458,471,474,487,486,491,498,500,495,496,495,506,510,513,521,524,528,533,533,531,530,522,523,524,516,522,524,528,529,524,530,527,524,535,522,520,518,517,517,514,517,520,517,523,524,529,529,522,520,521,511,513,506,509,511,510,503,507,505,510,503,512,510,505,502,500,492,497,492,488,483,486,479,480,477,480,469,467,468,466,462,458,453,452,450,442,443,433,427,426,421,414,410,408,402,398,394,393,389,391,385,381,382,383,375,376,368,368,366,359,364,354,351,352,346,344,342,333,337,331,329,332,329,327,325,322,322,319,313,313,310,307,301,-8053141,-8080921,-8067357,-8009634,-8062579,-8028281,-8050743,-8046585,-8028596,-8045242,-8054788,-8059928,-8017466,-8074270,-8067569,-8050719,15,0,35,30
144,145,143,147,141,144,143,143,144,142,139,141,138,141,140,136,138,137,138,139,136,139,137,135,139,136,136,137,136,137,136,135,136,136,135,138,136,138,136,136,136,136,137,139,136,138,143,145,149,148,143,140,140,140,139,138,141,138,139,140,137,139,139,138,140,140,140,144,146,146,147,143,141,139,138,140,137,138,139,136,138,139,136,139,137,137,138,138,141,144,150,158,160,160,157,149,146,145,141,143,143,143,145,145,151,154,156,165,172,183,193,200,212,216,222,234,241,251,264,275,313,356,374,387,377,352,333,325,326,326,331,332,330,332,329,330,335,337,342,352,348,350,353,353,358,357,360,363,361,362,363,360,363,368,371,385,383,391,398,396,401,403,403,403,408,409,411,415,421,426,430,435,433,435,428,421,424,423,420,422,420,425,427,423,429,424,424,425,419,421,415,416,419,415,417,416,418,421,420,425,425,421,417,423,412,413,412,412,415,408,407,411,408,410,412,409,410,405,402,409,397,402,403,393,392,389,387,392,385,390,379,378,381,379,377,374,368,369,364,358,362,357,348,349,343,339,337,337,334,328,325,326,322,324,317,317,316,315,311,314,307,310,304,300,302,295,294,295,289,289,287,281,284,279,279,281,275,277,272,272,273,268,266,268,262,259,256,-8005612,-8042065,-8025638,-7946323,-8019630,-7974406,-8004689,-7996196,-7975602,-7998465,-8010051,-8017565,-7959250,-8034385,-8025634,-8004542,15,0,35,30
144,149,146,152,146,149,147,147,149,146,142,145,141,144,143,140,142,141,140,142,138,140,140,137,139,137,136,139,138,139,137,135,137,136,135,139,137,138,137,137,137,137,137,141,137,137,138,140,143,141,139,139,139,139,138,138,139,138,139,141,137,140,140,138,140,140,139,142,141,142,140,139,140,138,137,140,138,140,142,138,139,141,137,140,139,139,140,137,141,140,144,147,146,146,145,144,146,145,144,147,146,150,152,153,158,162,167,176,184,195,207,217,231,241,252,270,280,296,310,321,348,380,391,407,400,395,385,383,387,390,396,401,403,413,413,416,423,426,431,439,441,443,448,448,454,460,460,463,460,465,462,461,469,474,479,492,497,505,510,514,520,517,515,522,522,529,530,532,542,547,544,560,555,556,550,548,545,550,541,546,549,554,550,554,557,555,552,555,548,551,541,537,543,543,540,545,546,548,550,552,552,547,540,548,537,541,534,534,532,529,528,535,529,533,536,532,533,530,523,527,519,522,514,505,506,502,501,500,497,499,493,487,492,485,484,483,473,471,470,462,462,454,445,441,437,433,427,424,424,415,411,408,404,407,406,398,402,399,395,392,388,388,383,379,379,370,371,367,361,361,354,351,350,348,347,347,340,346,338,336,335,334,326,328,320,316,313,-8012608,-8046923,-8031060,-7955944,-8025726,-7981326,-8010504,-8003662,-7981812,-8004081,-8014356,-8022096,-7967114,-8040070,-8031738,-8010421,15,0,35,30
144,151,149,153,148,151,148,147,150,147,142,146,142,145,144,141,142,139,140,143,138,140,140,137,140,138,137,138,138,138,138,136,139,137,137,139,138,140,136,137,138,137,138,140,138,139,141,142,143,143,141,141,139,139,139,140,141,138,139,142,138,140,140,140,142,140,140,143,143,142,142,140,140,139,139,142,139,139,141,138,140,141,137,142,140,139,141,140,143,142,145,150,149,152,149,147,149,147,146,149,149,150,153,154,160,164,170,180,187,197,210,222,235,245,257,272,286,302,313,328,357,387,400,411,411,401,394,389,393,395,402,410,413,417,418,425,429,434,435,446,446,449,455,454,462,463,467,472,469,473,473,469,478,485,488,497,504,509,513,524,524,528,525,530,533,534,544,543,549,557,559,563,560,564,561,559,558,555,552,560,552,560,563,560,564,565,557,562,557,558,551,548,551,549,551,555,553,558,555,559,562,558,553,557,551,545,545,544,548,540,536,543,541,546,542,540,542,541,533,538,527,529,523,517,517,509,509,509,503,507,504,498,500,496,490,490,482,482,475,470,466,461,455,456,448,441,434,433,425,421,419,415,411,416,409,408,406,404,398,398,396,395,392,382,379,378,374,372,367,362,361,356,358,354,351,352,347,345,342,343,340,337,333,333,323,322,317,-8032465,-8064360,-8049382,-7983227,-8042624,-8001965,-8028825,-8023646,-8004019,-8023012,-8032210,-8039900,-7991992,-8057148,-8049741,-8030058,15,0,35,30
144,152,149,153,148,150,149,148,149,147,143,146,143,144,144,140,142,139,140,141,138,141,139,137,139,137,138,138,139,139,138,137,137,137,136,138,137,141,138,138,136,138,137,141,138,139,140,142,144,144,141,142,140,140,139,138,142,139,140,143,138,141,141,140,141,140,141,144,142,143,143,141,141,140,139,142,138,140,142,138,141,141,138,142,140,139,141,140,143,144,146,152,151,152,150,147,149,147,146,148,149,151,152,154,161,166,171,182,189,201,215,224,237,248,263,276,292,305,320,334,360,395,410,422,420,407,397,394,399,402,410,410,417,425,425,429,438,441,442,449,450,455,460,459,468,473,477,480,475,481,480,479,486,489,495,507,512,519,526,529,533,535,531,539,538,548,545,554,558,570,566,573,570,571,570,565,564,563,557,566,560,563,572,566,576,571,569,575,566,564,559,554,562,559,562,560,564,564,565,564,567,567,561,567,554,550,549,554,552,549,546,548,546,553,551,547,546,546,541,541,538,539,529,526,526,517,516,517,515,516,509,504,509,503,498,497,490,491,483,476,473,467,461,455,452,445,438,435,437,430,423,423,418,419,413,413,412,411,406,404,397,403,391,387,389,384,382,376,372,372,363,362,362,357,350,356,352,352,351,345,346,338,334,338,328,328,323,-8058920,-8085133,-8071611,-8017465,-8067746,-8033970,-8056854,-8052254,-8035109,-8050940,-8058758,-8065228,-8024681,-8079387,-8072456,-8056721,15,0,34,30
144,149,147,153,147,149,148,146,150,146,143,147,141,144,142,140,141,139,140,141,137,140,140,138,139,138,137,139,139,139,137,137,138,137,137,140,137,140,139,136,138,137,137,141,138,139,142,144,146,145,143,140,139,141,139,139,140,140,140,142,139,141,140,140,142,142,139,144,144,146,144,141,142,139,139,143,137,139,142,137,141,141,137,143,140,138,140,140,144,143,150,155,155,157,153,150,150,149,146,148,149,150,153,154,160,164,170,182,188,199,212,222,238,246,258,271,282,297,315,329,356,392,408,420,418,403,390,379,386,391,393,397,401,405,407,410,417,422,426,431,431,441,437,440,451,450,453,456,457,456,459,456,465,469,474,483,488,496,500,507,511,513,508,512,510,515,523,523,532,538,541,548,544,546,540,537,536,537,531,537,536,538,545,539,550,542,542,547,538,537,528,531,532,533,533,535,536,538,539,544,548,536,536,533,526,532,524,528,527,521,519,523,525,524,522,520,519,522,513,512,510,509,510,500,497,497,490,492,491,492,483,481,483,478,474,475,465,465,462,455,452,448,436,439,430,423,419,416,413,408,405,407,400,405,400,396,396,393,390,389,379,382,379,370,371,366,363,361,357,352,348,344,348,342,338,346,338,339,337,332,333,330,322,324,318,315,311,-8093052,-8112540,-8100882,-8063416,-8099774,-8074403,-8092133,-8088439,-8074465,-8086920,-8092007,-8097261,-8067331,-8108088,-8101972,-8090538,15,0,35,30
144,151,149,153,147,150,148,146,149,145,142,146,141,143,144,140,142,140,140,142,138,140,138,137,141,137,138,137,137,139,137,136,137,136,137,139,137,142,138,136,138,138,138,141,139,139,142,144,147,145,142,142,140,140,141,139,141,139,140,142,139,141,141,141,141,142,140,144,144,145,144,143,143,140,139,143,139,138,142,139,140,141,137,140,139,139,141,140,143,143,150,157,157,156,153,149,150,147,146,147,150,150,154,154,160,164,170,181,189,202,215,226,239,246,259,275,282,300,315,327,361,395,414,427,420,406,391,386,392,397,403,402,403,410,409,413,420,428,430,438,435,438,442,442,452,454,461,464,462,463,463,460,468,475,482,487,493,497,508,513,513,516,511,517,518,523,529,530,539,546,544,555,551,554,548,541,545,542,544,543,540,545,547,546,550,544,545,549,541,544,539,538,539,535,540,541,542,544,545,547,549,550,536,547,536,533,530,527,532,528,523,532,524,530,528,531,528,524,517,520,512,518,507,503,505,503,494,501,493,494,490,486,488,484,479,477,470,470,461,455,456,452,445,446,435,428,422,425,417,411,409,408,406,405,399,399,399,397,388,393,386,383,381,377,377,369,365,361,357,358,350,350,353,345,344,344,339,338,338,332,333,326,325,327,320,318,312,-8071752,-8095723,-8083114,-8034821,-8079714,-8049078,-8069825,-8066027,-8049819,-8064260,-8071540,-8077185,-8040590,-8090330,-8083813,-8069358,15,0,35,30
143,150,147,153,147,150,149,148,148,146,142,144,141,145,143,140,142,140,141,141,138,140,140,137,140,138,138,139,139,138,136,136,138,137,138,139,138,140,138,137,137,138,137,142,139,140,144,145,147,145,143,141,140,141,141,140,142,140,140,142,139,141,141,141,141,142,140,145,144,145,144,143,141,141,140,142,138,139,141,138,141,141,138,142,140,139,141,140,143,144,149,156,155,157,154,148,149,147,145,150,150,152,155,156,162,166,173,186,192,206,217,229,244,251,259,276,284,300,313,327,364,404,423,433,423,406,392,385,390,392,398,399,399,406,406,406,415,419,425,429,428,435,436,435,444,450,453,452,454,454,457,453,460,464,470,481,484,493,499,504,510,508,507,509,512,516,514,520,528,538,538,544,546,549,543,534,535,538,529,539,535,538,541,541,544,540,543,541,537,538,536,530,534,532,529,535,532,541,538,541,538,537,532,540,535,527,522,529,528,518,519,527,520,525,522,522,522,519,514,517,510,512,509,498,502,493,492,491,488,489,482,478,483,482,478,473,461,464,457,451,454,446,438,438,434,427,422,420,417,409,406,403,399,400,399,393,397,391,389,389,384,382,378,372,372,367,363,360,356,355,349,343,347,341,339,344,337,337,334,329,334,327,324,323,315,317,311,-8054635,-8081928,-8067998,-8012549,-8064089,-8029494,-8052580,-8048354,-8030198,-8046620,-8054586,-8061009,-8019676,-8075834,-8069126,-8052260,15,0,34,30
144,150,146,151,147,149,147,147,148,146,142,145,142,143,143,139,142,141,140,141,138,140,140,136,140,137,137,139,139,138,137,135,137,136,136,139,136,139,137,136,137,136,138,141,137,138,140,143,144,142,140,140,140,140,139,139,141,138,138,139,138,139,141,139,141,140,140,142,141,142,142,141,140,139,139,141,139,139,142,139,140,141,138,141,140,140,139,140,143,142,145,150,149,150,150,146,148,148,147,149,149,151,154,156,160,166,171,184,191,200,214,227,238,248,258,270,284,297,310,321,353,389,397,413,407,397,381,378,379,381,389,391,393,399,398,403,407,411,416,427,428,432,430,429,437,443,443,449,448,449,452,450,457,457,464,476,476,486,491,495,501,502,496,504,502,504,514,511,522,528,529,539,540,538,527,528,525,527,520,528,529,533,534,531,537,537,531,535,530,531,526,525,522,526,522,523,530,530,529,530,537,528,529,530,522,522,517,514,516,511,511,514,516,516,514,516,516,512,507,512,501,506,501,494,490,484,487,488,483,486,477,473,474,474,467,465,459,458,454,449,449,437,434,430,424,420,417,415,412,403,401,399,396,399,393,390,388,388,384,383,379,378,372,367,368,359,357,356,348,351,348,341,345,336,334,334,330,334,334,327,328,323,320,321,312,312,307,-8081178,-8103195,-8090769,-8047792,-8088744,-8060634,-8080365,-8076247,-8061289,-8074865,-8080830,-8086437,-8052754,-8098166,-8091991,-8078908,15,0,34,30
144,150,147,152,146,149,149,146,147,147,143,146,141,145,144,140,141,139,138,140,137,140,140,136,139,137,137,138,138,139,137,136,138,135,137,139,136,140,137,137,138,137,138,140,136,138,140,140,141,141,139,140,140,139,139,137,140,137,140,141,138,141,140,139,140,139,139,142,141,140,142,140,142,139,138,141,138,139,141,138,140,141,139,142,140,140,141,139,142,141,144,148,147,148,147,144,147,146,146,149,148,151,153,156,162,165,168,180,186,196,209,221,234,241,255,270,281,297,307,318,349,374,385,398,392,384,380,375,378,381,389,394,395,403,403,404,414,418,423,431,426,435,437,436,445,448,450,452,452,455,457,451,460,460,470,482,483,492,501,503,504,510,504,509,507,520,519,522,527,538,535,545,539,543,536,534,531,534,530,533,539,539,542,538,546,540,540,543,537,535,530,529,531,529,532,536,536,537,539,540,539,540,530,540,531,526,522,522,524,520,522,526,518,519,523,521,521,518,515,517,506,510,506,498,499,495,495,492,491,490,486,482,484,481,476,471,463,467,461,453,453,445,440,438,433,429,419,419,417,408,407,405,403,402,399,394,395,391,389,388,384,382,377,371,369,368,364,362,358,356,354,346,348,342,342,340,337,336,333,330,331,328,322,325,316,315,311,-8051274,-8079473,-8065362,-8008096,-8060426,-8024882,-8048378,-8044375,-8026268,-8042531,-8050999,-8057605,-8015608,-8072956,-8066025,-8049000,15,0,34,30
143,149,147,152,146,149,149,147,147,146,142,144,142,144,143,138,143,140,140,141,138,140,139,136,140,139,136,138,139,139,136,136,137,137,137,138,137,140,138,137,138,137,138,140,138,139,141,143,144,143,141,142,139,140,140,139,141,140,139,141,138,141,141,139,141,141,140,143,143,144,142,140,142,140,139,142,138,139,141,139,140,140,138,141,140,139,139,139,143,143,146,152,151,152,150,147,149,147,147,149,149,150,152,155,160,165,171,184,188,202,212,224,238,245,260,273,283,299,313,327,357,391,407,423,411,399,389,379,387,388,396,394,397,406,405,408,412,424,421,432,428,438,437,439,444,452,452,455,453,454,455,457,458,466,475,482,486,492,504,507,509,510,504,509,507,516,520,525,534,542,540,551,546,549,542,540,538,535,532,536,538,541,542,540,545,543,539,543,539,540,530,527,536,535,535,537,538,542,537,540,545,539,536,542,531,530,527,525,524,521,519,522,521,527,522,523,523,523,512,521,510,512,506,502,503,497,493,498,491,492,490,481,486,481,478,476,464,468,462,457,457,446,440,438,431,426,420,419,418,413,406,404,401,403,400,394,396,393,386,385,383,384,377,377,371,365,368,361,358,355,352,344,348,342,341,343,340,339,334,333,332,329,325,324,319,314,313,-8023179,-8056395,-8039910,-7969888,-8036237,-7995989,-8023919,-8015246,-7997047,-8018285,-8027778,-8034915,-7981133,-8048427,-8040668,-8022398,15,0,34,30
144,148,145,150,146,148,146,145,146,144,140,144,141,143,142,139,140,139,138,141,137,139,140,136,139,137,137,139,138,138,137,136,138,135,137,139,137,140,139,137,137,135,138,141,137,139,142,144,145,145,142,142,140,140,139,140,141,139,139,142,138,141,140,140,141,141,141,144,143,143,144,142,141,140,138,143,137,140,141,138,140,140,138,141,138,138,139,138,143,142,147,151,153,153,151,147,148,147,146,147,149,148,151,152,158,162,168,179,187,197,210,220,233,240,248,263,272,283,300,310,347,389,406,419,410,389,373,368,369,373,376,380,377,383,382,385,391,394,397,406,402,407,410,409,420,421,424,423,425,428,428,427,434,437,440,451,451,460,467,472,473,476,473,475,477,485,489,490,497,505,504,514,511,513,509,500,500,500,495,499,500,504,505,500,507,505,505,507,502,501,496,495,496,497,496,499,499,505,501,506,505,502,493,503,493,495,488,487,492,488,481,488,488,488,484,485,486,482,481,479,475,479,472,468,466,461,457,459,458,459,459,452,454,450,446,444,434,437,430,425,427,419,411,413,402,400,396,392,390,386,384,378,377,379,374,371,371,369,364,366,360,360,356,351,350,346,343,343,339,334,330,327,328,324,321,323,318,322,316,313,315,309,306,309,303,298,296,-8009887,-8046280,-8029288,-7952791,-8022497,-7977461,-8006779,-8000322,-7979204,-8001525,-8011876,-8019875,-7964001,-8037831,-8030202,-8007832,15,0,35,30
144,150,148,151,147,149,148,147,147,145,143,146,140,145,143,140,142,140,139,141,138,140,140,136,139,137,138,138,137,139,137,137,138,138,138,141,138,141,139,137,137,138,138,140,139,139,145,147,149,149,143,144,141,142,140,141,142,141,142,143,139,143,142,140,142,142,142,146,147,148,146,144,143,143,139,144,140,141,142,139,141,142,137,143,139,140,142,141,144,145,151,158,159,160,157,151,151,149,146,151,151,152,156,157,164,170,178,191,202,213,228,242,254,261,272,286,295,306,322,341,381,432,454,471,457,431,407,398,403,405,408,412,410,416,413,416,424,426,429,439,435,443,445,444,453,455,459,465,461,459,465,462,468,472,475,487,493,496,504,510,510,512,512,515,517,525,523,528,536,543,546,557,559,554,547,541,541,541,537,537,538,544,544,545,548,544,544,550,544,545,535,535,541,535,539,540,540,549,542,546,549,547,539,540,533,536,533,532,533,527,523,525,523,527,527,529,525,526,514,524,511,513,513,503,501,498,494,495,493,493,490,481,489,482,480,475,464,466,463,454,457,445,443,440,434,428,425,422,420,410,407,405,402,406,402,398,398,395,390,392,387,386,383,375,373,370,368,365,358,356,355,350,353,346,342,346,339,339,342,335,335,327,326,328,323,317,315,-8046067,-8073783,-8058990,-8000877,-8057157,-8020926,-8046441,-8039075,-8022165,-8040308,-8047420,-8055183,-8009854,-8068333,-8060659,-8044896,15,0,35,30
143,151,149,155,148,150,148,148,149,148,143,147,142,144,144,141,143,140,140,143,139,141,139,137,140,137,139,138,138,139,138,136,138,136,136,141,139,142,139,138,139,138,139,141,139,140,144,148,150,149,146,143,142,142,142,141,142,142,141,143,140,145,141,141,143,142,143,147,149,148,147,144,144,143,140,144,140,141,142,139,142,142,138,143,140,140,141,141,145,147,153,161,161,162,160,153,153,149,149,152,152,154,155,161,165,171,177,192,201,215,228,243,258,264,275,289,299,313,326,344,383,433,456,471,459,432,413,407,408,408,415,418,419,424,419,421,430,432,437,442,443,447,453,454,459,467,464,468,473,469,473,471,474,480,482,497,498,506,513,518,522,517,517,520,520,530,536,536,546,552,556,564,562,564,553,554,551,552,545,550,551,553,552,556,561,555,553,560,554,554,549,543,549,548,546,553,550,551,551,556,554,556,550,554,544,540,539,543,543,536,532,535,535,535,537,535,537,528,526,531,524,524,520,514,512,508,504,506,503,502,494,491,495,489,485,483,476,479,472,462,466,457,448,444,446,438,431,432,426,420,413,413,412,411,409,401,404,402,399,396,390,391,387,383,380,375,371,372,365,364,361,352,357,350,349,352,346,344,346,341,340,335,332,332,323,323,321,-8054064,-8080854,-8066541,-8012048,-8063684,-8028815,-8053358,-8047164,-8029991,-8047091,-8053491,-8061161,-8018785,-8074637,-8067409,-8051911,15,0,35,30
144,152,148,154,148,150,148,147,149,148,143,144,142,144,143,141,142,139,140,142,138,141,139,137,141,138,138,139,137,139,138,137,139,137,137,141,139,141,138,138,139,139,138,142,138,141,145,147,150,149,145,144,143,143,142,141,143,142,143,143,140,142,141,141,143,143,142,147,147,148,148,145,145,142,139,143,139,141,143,140,143,143,139,144,140,141,142,141,145,148,153,161,165,162,160,153,154,151,148,150,152,153,156,158,166,172,179,192,201,214,232,245,258,262,273,285,299,313,328,342,384,434,454,469,459,433,417,401,406,409,414,417,416,420,420,422,429,433,437,446,441,449,451,452,458,462,465,465,469,471,472,470,477,479,485,500,496,507,513,517,522,520,514,522,524,531,533,538,543,547,550,559,564,559,556,548,548,546,541,549,549,550,558,552,559,555,551,561,551,550,545,544,547,542,546,544,548,548,553,557,561,556,545,547,544,541,538,536,537,535,530,535,533,536,534,534,534,532,525,528,521,521,518,508,508,508,497,507,502,500,497,492,492,487,486,484,474,476,471,463,463,459,446,447,443,438,429,429,426,417,416,413,413,413,405,403,402,402,399,396,391,392,384,383,384,374,373,368,361,362,362,352,359,348,346,347,346,344,344,334,337,333,331,335,325,322,319,-8071812,-8095389,-8082266,-8035741,-8079880,-8048964,-8070442,-8065983,-8050377,-8064598,-8070447,-8077393,-8041453,-8090331,-8083738,-8069697,15,0,35,30
144,151,149,152,148,151,148,146,150,146,144,146,142,144,142,140,142,140,140,142,138,141,141,137,140,138,137,139,138,139,137,138,139,137,138,142,139,141,139,137,139,139,139,141,138,141,144,147,151,148,145,142,143,143,141,142,143,142,142,144,140,141,142,142,144,143,144,149,147,148,146,144,145,142,141,143,139,141,142,140,141,142,138,142,140,141,141,141,144,147,153,161,163,163,160,152,153,151,149,152,153,155,157,158,167,171,178,192,202,218,229,243,254,264,273,288,298,311,327,343,384,433,452,471,462,432,414,402,409,405,411,413,412,420,416,422,425,430,434,441,445,447,448,450,456,460,463,469,465,467,468,465,472,477,479,493,497,502,507,513,519,517,518,518,520,524,532,537,541,554,553,560,562,558,558,545,545,546,540,544,545,547,552,549,553,552,551,553,548,550,545,543,542,544,545,549,550,545,551,551,553,550,546,549,543,539,531,536,535,529,527,533,535,535,532,531,533,529,524,527,519,520,511,511,511,506,496,500,500,498,492,488,493,487,482,479,473,475,469,461,463,452,446,443,441,430,427,426,422,418,413,409,408,408,405,401,401,400,398,395,389,389,382,379,381,373,370,368,363,364,356,351,353,350,346,346,340,343,344,335,338,334,327,330,327,319,319,-8086290,-8107244,-8094972,-8055016,-8093347,-8065907,-8084888,-8081394,-8066748,-8079572,-8084580,-8090732,-8059049,-8102419,-8096243,-8083677,15,0,35,30
144,151,149,153,147,150,149,148,149,147,144,147,143,145,144,140,142,141,140,142,140,142,140,136,140,138,138,139,138,139,137,137,137,137,137,141,137,143,140,138,139,138,139,141,139,140,144,148,150,150,146,143,142,142,142,141,142,141,141,143,140,142,141,143,142,144,144,147,147,148,148,145,145,142,141,144,140,140,143,139,142,142,139,142,140,140,142,141,145,146,154,161,164,164,159,154,152,149,149,152,152,153,156,158,165,172,178,192,199,216,231,240,256,263,274,290,299,313,330,343,381,437,453,469,457,436,418,404,412,410,414,418,417,416,419,426,430,436,440,446,445,455,454,452,464,466,466,472,472,472,475,472,484,483,485,498,501,512,515,520,526,526,519,529,527,533,532,545,548,553,559,568,564,567,561,553,555,553,551,553,552,557,559,559,565,558,560,563,556,560,549,544,553,552,551,552,553,556,555,560,562,558,552,554,550,545,544,541,543,534,541,542,542,540,538,540,539,539,530,533,527,529,522,514,514,510,504,509,507,505,500,493,497,493,490,487,481,481,472,467,470,460,453,450,443,441,433,430,432,423,418,416,413,415,411,407,409,409,398,399,396,396,393,385,382,376,376,369,368,365,362,354,357,353,352,349,347,348,346,342,339,336,333,333,326,328,316,-8063130,-8088633,-8074938,-8024366,-8071374,-8038013,-8060852,-8056433,-8039671,-8054678,-8061151,-8068751,-8030204,-8082798,-8076115,-8060597,15,0,35,30
144,151,148,153,149,151,149,147,148,147,143,147,142,145,144,140,141,140,140,143,138,139,139,137,140,138,137,139,138,139,137,136,138,137,137,140,139,142,139,137,138,138,139,141,139,141,146,148,150,149,145,142,141,142,141,140,143,141,142,144,140,143,142,142,143,143,142,147,147,147,148,145,145,142,140,143,140,140,144,140,140,142,140,143,141,141,142,141,145,145,154,161,163,162,157,152,153,151,148,151,152,153,158,160,165,171,179,194,199,215,229,244,257,264,274,287,300,313,329,342,388,436,456,469,462,434,412,404,407,410,415,415,416,419,417,423,427,431,435,445,440,450,452,450,458,457,466,469,471,469,473,468,474,480,485,494,498,509,511,518,524,521,521,521,521,528,532,536,546,554,556,565,565,562,553,552,546,548,549,551,547,554,552,553,561,556,557,560,555,554,551,545,546,544,547,552,549,551,551,555,555,553,548,551,545,542,539,535,537,535,532,535,531,537,533,536,535,531,526,528,519,524,519,508,515,504,503,504,504,499,493,490,495,488,484,484,476,476,468,464,465,457,449,446,443,438,428,427,426,421,415,416,406,411,409,405,407,402,395,398,392,391,386,381,382,377,372,374,369,365,360,353,354,352,348,350,347,346,341,341,342,334,329,327,325,322,318,-8049800,-8077265,-8062889,-8006250,-8059427,-8022913,-8047624,-8042572,-8024718,-8041392,-8048390,-8056548,-8013944,-8071707,-8064566,-8047725,15,0,35,30
144,149,148,151,146,149,148,145,147,146,143,147,142,144,142,140,140,140,140,141,138,140,140,135,140,138,137,137,138,138,137,136,137,136,136,140,138,140,138,138,138,137,138,140,138,138,144,147,149,149,144,143,141,141,141,140,142,140,140,143,140,142,142,139,141,142,142,145,146,146,146,144,143,142,139,142,139,141,142,137,142,141,138,142,141,140,140,139,144,145,150,158,158,158,155,151,150,148,147,150,150,150,155,155,162,167,175,188,195,208,224,235,248,256,264,277,287,299,313,329,371,417,441,459,442,417,396,386,389,391,396,396,394,399,397,397,405,413,411,421,420,429,428,427,438,439,437,445,440,448,444,441,448,454,459,469,469,479,485,489,493,493,489,490,494,499,504,509,517,520,523,531,530,531,521,519,518,516,510,517,517,524,523,525,527,525,522,527,522,525,517,510,517,515,517,522,519,517,519,524,525,521,515,519,514,515,509,506,507,502,503,507,502,508,505,505,504,504,496,500,492,494,489,484,482,484,476,476,475,477,473,463,466,467,456,458,450,451,445,439,440,432,427,421,418,412,406,404,402,400,393,392,390,389,385,382,384,381,375,376,372,371,369,360,364,356,352,352,346,346,343,335,342,336,330,334,328,332,329,325,327,321,315,316,308,307,302,-8037731,-8068453,-8053000,-7990359,-8047870,-8008967,-8035989,-8029304,-8010388,-8029142,-8036820,-8045069,-7998856,-8061524,-8054270,-8035498,15,0,34,30
143,149,147,153,147,148,148,147,149,146,143,145,142,144,142,139,142,140,140,141,138,140,141,137,139,138,137,138,137,139,136,136,137,136,137,139,136,140,137,139,138,137,137,141,139,139,142,144,145,143,142,141,140,140,139,139,141,139,139,142,138,141,140,140,141,141,140,144,142,143,142,140,142,140,139,141,137,140,141,138,141,141,139,141,139,138,140,139,143,145,146,151,152,153,150,147,148,147,146,149,150,150,154,153,159,165,168,182,188,200,212,223,237,247,253,270,280,295,306,322,353,393,405,419,412,395,384,377,382,382,387,392,397,401,398,402,405,413,414,424,422,431,426,432,436,441,447,448,444,445,446,449,451,457,467,473,473,487,492,494,499,501,496,501,502,505,509,517,521,527,531,540,535,536,532,527,526,527,518,528,523,531,529,527,536,529,529,533,530,531,520,518,523,520,526,532,523,524,526,531,529,530,522,530,521,520,514,521,517,510,508,516,508,516,513,509,512,511,506,507,501,503,495,489,492,491,483,485,482,483,478,474,475,469,466,466,462,457,454,447,444,439,432,433,427,420,415,412,409,404,397,394,398,396,395,387,388,386,381,383,374,375,375,367,368,362,356,353,353,350,347,338,346,337,335,341,332,332,331,329,328,327,318,320,314,313,307,-8014197,-8049556,-8033031,-7958997,-8024964,-7980139,-8009512,-8004263,-7982956,-8003928,-8013921,-8022606,-7969030,-8041235,-8033464,-8011714,15,0,34,30
144,151,148,151,146,150,148,145,149,147,142,145,141,144,143,140,141,139,139,142,137,141,140,136,139,137,137,138,138,138,137,137,139,137,136,137,136,140,137,136,138,137,136,140,138,138,140,140,144,141,139,140,138,140,138,138,141,139,139,141,138,139,140,138,142,139,139,142,142,141,141,140,140,139,138,142,139,139,142,139,141,141,137,142,140,139,139,138,143,141,144,146,147,147,147,146,148,147,145,149,149,151,153,154,162,165,169,180,184,198,209,222,233,242,254,270,279,295,308,319,346,372,388,399,394,389,382,376,379,386,391,395,395,407,405,410,412,418,426,429,428,437,436,444,449,448,451,457,457,460,459,457,466,467,471,484,485,496,503,509,512,510,507,515,513,519,522,525,534,539,541,548,545,543,543,539,537,535,531,541,542,547,539,540,546,545,541,542,541,544,533,530,537,539,539,538,540,541,542,542,547,543,536,541,535,529,530,529,528,524,523,528,525,527,526,525,526,520,520,516,515,516,510,501,505,501,493,498,492,492,488,485,489,483,477,479,467,470,466,458,456,448,442,440,436,432,423,425,419,411,407,408,405,409,397,401,398,397,390,392,383,383,382,372,374,368,366,366,357,356,355,347,354,343,340,346,342,339,341,332,338,328,322,325,319,316,313,-8030347,-8061653,-8046167,-7979662,-8041615,-8001520,-8027789,-8022369,-8002478,-8020988,-8030659,-8038330,-7989880,-8055068,-8047769,-8028531,15,0,34,30
143,150,148,151,147,149,148,146,149,146,142,145,142,145,143,140,142,140,140,142,138,141,139,137,140,138,137,138,139,139,137,137,138,138,136,139,137,139,137,137,138,138,137,140,138,139,141,144,145,144,140,141,140,139,140,140,141,140,139,143,138,140,140,138,141,139,140,145,143,144,143,141,141,140,140,142,139,141,141,138,139,141,139,142,140,138,141,140,143,142,146,153,152,154,151,147,149,148,147,148,148,151,154,155,162,164,171,183,189,200,213,225,239,247,257,275,282,295,311,323,357,391,406,420,411,401,386,382,389,388,397,399,398,409,406,409,416,418,424,432,432,437,435,439,447,451,453,458,455,459,455,453,461,468,476,488,489,493,500,508,514,509,504,515,514,517,525,525,536,541,545,551,546,549,543,539,537,541,534,539,538,545,543,546,546,547,545,547,539,541,535,533,534,534,535,541,538,543,542,548,545,543,535,541,538,533,529,526,528,526,521,525,527,522,525,524,526,521,518,517,511,516,510,504,503,499,494,492,492,497,489,481,488,484,478,478,473,471,464,457,455,449,442,438,434,427,424,418,420,411,408,408,404,407,401,398,397,394,388,393,385,383,377,374,375,366,364,360,357,357,355,348,351,342,342,345,338,340,338,333,335,332,323,327,321,316,313,-8061261,-8087093,-8073509,-8020782,-8069796,-8036933,-8059112,-8054943,-8037746,-8053269,-8061204,-8067305,-8027447,-8080950,-8074527,-8058794,15,0,34,30
144,151,148,152,146,149,151,145,149,146,142,146,142,144,144,139,141,140,140,142,139,141,139,136,139,137,137,137,138,139,137,136,137,136,136,139,137,139,137,136,138,137,138,140,139,138,140,142,142,143,141,141,138,140,139,140,140,139,140,140,138,140,141,139,140,141,139,144,143,142,143,142,141,138,139,141,138,139,141,138,140,141,138,141,140,139,140,139,142,143,145,149,150,150,148,146,148,146,145,149,150,151,154,155,162,164,171,183,187,199,211,222,237,247,256,272,281,298,311,323,350,382,395,407,404,394,384,378,383,388,392,395,398,406,404,411,416,420,425,433,433,437,437,441,450,449,453,455,455,457,457,456,463,470,475,480,486,495,500,510,507,510,508,515,514,519,527,527,536,538,543,552,551,548,545,540,538,542,534,540,536,545,546,546,548,544,544,546,540,544,535,533,536,537,535,536,536,543,542,543,545,544,534,541,535,527,528,530,528,520,524,526,525,527,526,523,528,524,517,520,516,514,509,503,498,499,496,495,496,490,489,481,488,479,479,473,469,469,466,457,455,446,442,438,433,431,423,422,422,412,409,408,402,405,402,397,395,394,389,390,383,384,380,373,374,369,365,363,357,354,353,349,352,345,341,345,338,340,341,333,337,328,323,323,318,318,313,-8069561,-8094232,-8080901,-8032037,-8077617,-8046725,-8067728,-8063855,-8047198,-8062045,-8069230,-8074978,-8037899,-8088125,-8082008,-8067108,15,0,34,30
144,149,148,151,147,150,147,146,149,145,141,145,142,145,143,139,141,138,139,141,137,141,139,137,139,138,137,139,137,138,137,136,138,136,136,139,137,139,137,138,137,137,137,140,138,137,141,141,144,142,140,141,139,139,139,140,141,138,139,141,138,140,140,139,141,140,140,141,142,142,142,141,140,140,138,142,138,139,142,137,141,140,138,141,139,139,140,139,142,141,146,149,148,150,147,146,148,146,145,148,150,151,154,154,160,166,171,181,186,198,212,223,235,242,256,272,282,294,310,322,347,380,395,405,401,389,382,383,381,384,392,396,397,403,406,406,416,418,423,430,430,437,436,437,445,448,451,453,456,455,457,454,464,465,472,483,488,496,500,504,504,504,508,509,511,517,518,527,536,542,539,544,545,546,539,540,539,538,528,535,535,541,543,541,544,546,542,538,539,538,530,533,531,529,532,540,537,537,538,543,543,542,532,538,534,524,522,525,528,522,519,518,523,528,528,524,522,523,515,516,513,512,508,501,498,498,494,496,491,492,486,483,486,479,474,473,467,466,465,454,455,448,441,440,434,427,423,420,415,407,408,409,402,402,399,396,394,393,388,387,386,382,379,371,374,367,361,363,358,355,352,347,349,339,340,343,338,339,337,332,330,327,325,323,317,315,314,-8076794,-8099647,-8086929,-8041600,-8084338,-8055375,-8075533,-8071442,-8055790,-8070008,-8076592,-8082065,-8046987,-8094255,-8088206,-8074459,15,0,34,30
144,148,149,151,146,150,148,146,148,145,142,144,141,144,144,138,141,139,140,141,138,141,140,136,140,137,138,139,138,139,138,136,138,137,136,139,137,140,138,137,137,137,137,140,139,138,142,142,145,144,142,140,139,140,139,140,141,140,140,142,138,140,141,139,141,140,139,144,143,144,145,141,143,139,137,142,139,139,142,138,140,140,138,141,140,140,140,139,143,143,148,151,153,153,152,148,150,145,147,148,148,151,153,155,160,166,169,182,187,200,216,225,237,246,259,271,282,298,312,323,357,391,407,424,415,400,386,380,384,389,394,400,395,405,404,407,418,420,424,431,431,438,436,436,449,451,451,455,454,455,458,452,460,465,468,484,485,493,498,505,511,512,507,508,514,517,522,521,528,537,541,544,544,542,541,537,537,539,529,538,534,540,539,541,543,542,544,547,530,538,533,528,534,532,531,533,532,539,539,542,539,537,533,536,533,528,525,526,527,519,518,522,521,524,522,521,524,520,514,517,508,509,506,499,499,496,490,495,493,489,486,478,487,479,475,474,466,468,464,456,455,447,439,436,429,426,419,420,416,412,404,404,401,400,398,394,395,393,387,388,384,382,379,371,373,366,362,364,354,354,352,348,349,343,342,344,339,341,337,329,332,326,324,324,313,313,309,-8052453,-8080244,-8066134,-8009138,-8061378,-8026115,-8049230,-8045019,-8027036,-8042960,-8051922,-8058411,-8015738,-8072883,-8066303,-8049530,15,0,34,30
143,150,147,153,147,150,148,147,148,147,143,146,142,144,143,140,141,140,140,143,138,140,139,137,139,138,139,138,138,139,137,136,138,136,137,139,138,140,138,138,137,137,137,140,138,139,142,143,145,143,142,141,139,140,139,140,141,140,139,142,140,140,140,140,142,141,140,144,143,144,143,141,142,141,138,142,139,140,143,138,140,141,138,141,140,139,142,139,143,144,147,153,152,152,150,147,149,147,145,150,150,151,153,154,161,165,171,183,190,201,214,225,239,245,257,272,281,298,313,326,360,392,408,423,415,400,391,382,389,391,397,402,401,409,404,408,418,423,423,434,433,441,441,441,447,450,452,455,460,459,459,457,464,469,474,487,489,495,502,507,513,508,511,512,514,517,522,526,537,543,544,550,549,547,546,540,539,540,535,542,537,543,546,542,548,548,545,550,542,542,537,535,539,539,538,540,540,540,543,542,548,543,536,542,533,532,528,526,529,525,524,529,526,527,523,525,523,524,517,524,514,513,510,505,503,501,495,496,494,498,490,482,489,484,476,478,472,468,464,460,458,449,442,440,436,432,423,421,418,412,410,406,400,407,402,397,398,394,390,389,385,388,379,376,374,369,366,365,360,360,355,347,353,345,343,344,340,336,337,336,334,329,324,327,321,318,312,-8028744,-8060466,-8045170,-7977939,-8038471,-7997138,-8024208,-8019733,-7998537,-8018406,-8027698,-8035165,-7986332,-8052808,-8045469,-8025292,15,0,34,30
143,150,148,152,147,150,148,146,148,147,143,146,141,145,143,140,142,140,139,141,138,140,140,137,141,138,137,139,138,138,138,137,137,138,136,139,136,140,137,137,138,137,137,140,138,139,142,141,144,142,141,140,139,141,139,139,140,139,139,142,136,141,141,140,141,141,139,143,143,144,143,141,141,140,138,141,137,139,142,138,141,141,137,142,140,139,141,139,142,144,145,150,150,150,151,148,147,147,145,149,150,150,153,154,161,165,170,181,186,200,213,224,236,244,258,275,280,296,309,321,356,388,402,413,408,397,387,381,388,389,396,396,400,407,405,410,414,421,424,432,435,435,442,439,450,451,454,457,458,458,455,457,464,469,474,486,489,495,503,507,512,512,509,510,516,522,524,524,531,540,541,549,549,549,543,542,538,539,533,538,535,543,544,541,550,546,540,550,538,541,533,534,535,537,537,537,540,542,544,546,549,541,537,540,535,530,530,531,534,523,525,527,528,525,523,526,525,521,517,517,514,515,504,504,499,501,495,501,493,495,493,484,485,480,479,477,468,469,461,456,456,449,441,442,434,428,423,419,415,412,407,409,403,408,397,396,394,394,388,387,383,383,379,374,377,368,366,362,356,356,353,347,350,344,340,343,341,340,339,333,334,330,323,326,321,316,314,-8014889,-8049568,-8032577,-7958671,-8026597,-7982291,-8011480,-8005656,-7983708,-8004702,-8014720,-8023285,-7969261,-8040545,-8032830,-8012337,15,0,34,30
